37
121
121
168
168
168
183
205
205
205
205
222
337
391
391
392
415
415
415
415
504
510
510
510
525
525
528
528
528
528
544
544
544
544
546
553
561
561
568
568
575
575
577
577
578
581
581
595
598
598
608
67
189
218
226
252
252
252
252
252
252
268
268
289
320
339
339
343
351
409
439
465
465
476
488
503
515
515
515
515
521
521
526
528
539
572
572
572
572
572
582
587
601
643
643
663
663
663
663
664
664
664
11
135
170
221
237
244
244
256
256
265
361
361
361
361
369
386
386
386
386
405
405
405
526
536
536
536
536
536
536
536
545
546
547
554
560
561
562
562
593
593
594
594
594
594
594
611
611
616
616
620
620
